Webots Project File version R2021b
perspectives: 000000ff00000000fd00000003000000000000000000000000fc0100000001fb0000001a0044006f00630075006d0065006e0074006100740069006f006e0000000000ffffffff0000000000000000000000010000012e0000045dfc0200000001fb0000001400540065007800740045006400690074006f007201000000160000045d0000003c00ffffff0000000300000d2d000000dafc0100000002fb0000000e0043006f006e0073006f006c006501000000000000073f0000000000000000fb0000001a0043006f006e0073006f006c00650041006c006c0041006c006c010000000000000d2d0000005400ffffff00000bf90000045d00000001000000020000000100000008fc00000000
simulationViewPerspectives: 000000ff00000001000000020000016c000004a00100000006010000000101
sceneTreePerspectives: 000000ff0000000100000002000000c0000001120100000006010000000201
maximizedDockId: -1
centralWidgetVisible: 1
orthographicViewHeight: 1
textFiles: -1
consoles: Console:All:All
renderingDevicePerspectives: NAO:CameraBottom;0;1;0;0.570423
renderingDevicePerspectives: NAO:CameraTop;0;1;0;0.00229358
